#1000X4 dataset for model acccuracy

similarity,experience_years,skills_match,hired
0.6872700594236812,15,1,0
0.9753571532049581,12,0,0
0.8659969709057025,16,1,1
0.7993292420985183,19,1,0
0.5780093202212182,8,0,1
0.5779972601681014,17,1,0
0.5290418060840998,5,1,0
0.9330880728874675,16,1,0
0.8005575058716043,6,0,0
0.8540362888980227,8,0,0
0.5102922471479012,18,1,1
0.9849549260809971,12,0,1
0.9162213204002109,15,1,1
0.6061695553391381,9,1,1
0.5909124836035503,13,1,1
0.5917022549267169,15,1,1
0.6521211214797689,10,1,0
0.762378215816119,16,0,0
0.7159725093210578,7,1,1
0.645614570099021,17,0,1
0.8059264473611898,7,0,0
0.569746930326021,14,1,0
0.6460723242676091,15,1,0
0.6831809216468459,7,0,1
0.728034992108518,9,0,1
0.8925879806965068,19,0,1
0.5998368910791798,16,1,0
0.7571172192068059,8,0,0
0.7962072844310213,18,1,1
0.5232252063599989,18,1,1
0.8037724259507192,7,1,0
0.5852620618436457,3,0,0
0.5325257964926398,18,1,0
0.9744427686266666,10,1,0
0.9828160165372797,7,1,1
0.9041986740582306,17,1,0
0.6523068845866853,14,1,0
0.5488360570031919,3,0,0
0.8421165132560784,12,1,1
0.7200762468698007,13,1,1
0.5610191174223894,2,0,0
0.7475884550556351,3,1,0
0.5171942605576092,5,0,0
0.954660201039391,11,1,1
0.6293899908000085,8,0,1
0.831261142176991,12,0,1
0.6558555380447055,7,1,0
0.7600340105889054,15,1,1
0.7733551396716398,17,1,0
0.5924272277627636,4,0,0
0.9847923138822793,13,0,0
0.8875664116805573,18,0,1
0.9697494707820946,1,1,0
0.9474136752138245,16,0,1
0.7989499894055425,13,0,1
0.9609371175115584,10,1,0
0.5442462510259598,12,0,0
0.5979914312095727,2,0,1
0.522613644455269,3,1,0
0.6626651653816322,10,0,1
0.6943386448447411,2,1,0
0.6356745158869479,13,1,1
0.9143687545759647,13,1,1
0.6783766633467947,18,1,1
0.6404672548436904,3,1,1
0.7713480415791243,7,0,0
0.5704621124873813,14,0,0
0.9010984903770198,17,1,1
0.5372753218398854,12,1,1
0.9934434683002586,16,0,0
0.8861223846483287,12,1,0
0.5993578407670862,15,1,0
0.5027610585618012,10,1,0
0.9077307142274171,7,0,0
0.8534286719238086,5,0,0
0.8645035840204937,1,1,1
0.8856351733429728,17,1,0
0.5370223258670452,3,0,0
0.6792328642721364,13,0,1
0.5579345297625649,14,1,0
0.9315517129377968,18,1,0
0.811649063413779,4,0,0
0.6654490124263246,18,0,0
0.5317791751430119,5,0,0
0.6554911608578311,16,1,1
0.6625916610133735,1,0,0
0.864803089169032,14,1,1
0.8187787356776066,15,0,1
0.9436063712881633,9,0,0
0.7361074625809747,15,0,1
0.5597971229691509,17,0,0
0.8566223936114975,4,1,1
0.8803925243084487,12,1,1
0.7806385987847482,5,0,0
0.8854835899772805,5,1,0
0.7468977981821954,11,0,0
0.7613664146909971,6,0,0
0.7137705091792748,7,0,0
0.5127095633720475,14,0,1
0.5539457134966522,11,1,1
0.5157145928433671,13,0,1
0.8182052056318903,2,0,1
0.6571779905381634,7,1,1
0.7542853455823514,4,0,1
0.9537832369630466,8,0,1
0.6246461145744375,19,0,0
0.7051914615178149,13,1,0
0.8777755692715243,14,0,1
0.6143990827458112,10,1,1
0.5384899549143964,11,0,0
0.6448757264568841,2,0,0
0.5806106436270022,9,1,0
0.9648488261712865,17,0,0
0.9040601897822085,3,0,1
0.8167018782552118,6,1,0
0.9357302950938589,5,1,1
0.9018360384495572,5,1,1
0.5932850294430179,15,1,1
0.9462794992449889,17,1,0
0.7696711209578253,9,0,0
0.9037200775820313,3,1,1
0.9480456499617467,17,0,1
0.6590017374859319,10,0,1
0.5550259622638384,3,0,0
0.6139675812709708,18,1,1
0.7135538943131281,18,1,0
0.9090073829612466,17,0,1
0.9303652916281717,3,1,1
0.5034760652655954,3,1,1
0.7553736512887829,6,1,0
0.7087055015743895,13,1,0
0.6110539052353652,15,0,1
0.5599326836668415,9,0,0
0.668807585701814,4,1,1
0.9714548519562596,14,0,0
0.6616014660103776,5,1,0
0.7593953108716831,2,1,0
0.8515094794475889,11,0,1
0.681814801189647,9,0,0
0.9858910413604803,3,0,0
0.9812236474710556,9,1,1
0.6258911479126821,3,0,1
0.7486242529461927,2,1,1
0.6504391549083848,12,0,1
0.6424202471887338,10,0,0
0.5184434736772664,9,1,0
0.8047821669899484,15,1,0
0.7513395116144308,8,1,0
0.5257393756249946,5,1,0
0.6393232321183058,11,1,1
0.9541329429833268,2,1,0
0.6197809453334862,15,1,0
0.5724474360456115,6,1,0
0.7447263801387816,8,0,1
0.9928252270553004,5,1,1
0.6210276357557503,16,1,0
0.8360677737029393,18,0,1
0.8808098076643588,6,1,1
0.6188187719961998,5,0,1
0.8641081743059298,16,0,1
0.6838915663596266,13,1,1
0.8161529152967897,5,0,1
0.8167648553804474,13,1,1
0.7678873420373793,17,0,0
0.5451448850272042,18,0,0
0.917651247794619,8,0,1
0.6603900324858679,13,1,0
0.5932592551999272,19,1,0
0.520387570777382,3,0,1
0.795446471594121,8,0,0
0.8387821809211412,2,1,1
0.508293914463928,8,1,1
0.7560465291496405,13,0,1
0.613247887598969,13,0,0
0.822586395204725,1,1,0
0.5871832145024958,6,1,0
0.845468869051233,19,1,0
0.6933676731502687,16,1,1
0.9683649943683672,8,1,1
0.5687604720729966,1,0,0
0.6705331755251293,16,1,1
0.5567367606202945,9,0,1
0.9623468091392814,13,1,0
0.9386696766904905,11,0,1
0.6289708138575778,13,1,0
0.8299920230170895,10,1,1
0.9086111001006079,4,0,0
0.7776004057997312,6,0,1
0.7648252891780032,7,1,1
0.6209261454502258,5,1,0
0.5465513839029497,11,1,0
0.9486078789766634,13,1,0
0.9502090285816652,19,1,0
0.816550728636634,10,0,1
0.6695148955243504,10,0,1
0.6746047873063304,11,1,0
0.8629778394351197,7,0,1
0.9485551299762885,18,0,0
0.9435432121325587,4,0,0
0.8899377729288119,2,1,1
0.8210158230771438,14,0,1
0.5420699824975244,13,1,0
0.5808143570473069,12,0,0
0.9492770942635396,7,1,0
0.803214529829795,2,0,1
0.5045985258083148,13,1,1
0.5507357714330161,14,1,1
0.8317508845540279,17,0,1
0.5025307919231093,9,1,0
0.5804040257087493,17,1,0
0.7743668946832931,8,1,0
0.8459475988463466,2,1,0
0.8259806297513003,13,1,0
0.61213465473028,3,1,0
0.8560896106737679,16,1,1
0.6186245437484,6,1,1
0.6626998490796339,19,0,0
0.8732457025590121,7,0,0
0.8248164495236073,10,1,1
0.924611705247089,9,1,1
0.8288064461501716,2,0,1
0.7841543016677358,15,0,1
0.5468373839140462,5,0,0
0.6838579015297168,4,1,0
0.6326011838408627,4,0,0
0.6219948216895418,18,1,0
0.9865052773762228,4,1,0
0.6965488623333802,17,0,1
0.9460232775885566,12,1,0
0.8155693129986314,17,1,1
0.8974056517708242,10,1,0
0.751318546552596,1,1,0
0.7884519423131795,18,0,0
0.746258846909432,18,0,0
0.5976214938990223,14,1,0
0.8612260576307527,15,1,1
0.6403861812204279,12,0,1
0.5121579832157269,4,1,1
0.822736147953584,3,0,0
0.5885553397035245,12,1,0
0.9702292921764571,7,1,1
0.9769642885012937,11,0,0
0.9574321951102243,1,0,0
0.6850793501277221,6,0,1
0.5077283082644337,15,0,0
0.9641592812938626,15,1,1
0.7140920741586572,19,0,0
0.9833274095218347,11,1,1
0.9818099885446264,2,0,0
0.92650472773368,14,0,0
0.6472244460347929,2,1,1
0.6925488643009626,4,0,0
0.9255683357584285,17,0,0
0.6584610025781388,3,0,1
0.5847463733430462,13,0,0
0.7784006312291751,9,1,1
0.9680773870803905,7,1,0
0.8480148983374864,15,0,0
0.7850305850446825,11,0,0
0.5485882468853842,2,0,0
0.8075036133495849,15,1,1
0.9950269250521316,14,1,0
0.570042007618262,11,1,1
0.7591648261818684,3,1,0
0.9386865359639778,17,0,0
0.8703843088771022,12,0,0
0.848507870497634,15,0,0
0.8512420419935547,16,1,1
0.6797455756098776,5,0,1
0.6467959221322467,6,1,1
0.9046805777392568,19,1,1
0.9050566973395904,5,0,0
0.9335361592900518,3,0,1
0.9566202762782356,1,0,1
0.7556711994304689,6,1,0
0.7507581473435998,15,1,0
0.8991475894833876,2,0,0
0.8249819653888826,3,0,0
0.8509834386288517,17,1,1
0.8978963347180505,12,0,1
0.9450026709087831,18,1,0
0.6689975784257679,15,1,0
0.687791476319972,12,0,0
0.5469909699204345,16,0,1
0.789140070498087,8,0,1
0.517971136898371,14,0,0
0.7327990090662301,17,1,0
0.7713223173537883,8,1,1
0.6432706260641422,15,1,0
0.7954166302845054,14,0,0
0.5152501249695247,18,1,1
0.5186740943746072,7,0,0
0.9113002803298291,3,0,1
0.6800953207056315,12,0,0
0.5635302563259423,3,0,0
0.7611216300274022,14,0,1
0.8849967765493054,15,0,1
0.6079105137484215,14,1,0
0.8114452379095001,7,0,1
0.542673732496884,17,1,0
0.5258408605843039,12,1,0
0.7656773157840739,4,0,1
0.7703175608050532,9,0,0
0.8187149507491033,6,0,0
0.8630456668613308,16,1,1
0.9879260397312672,2,0,1
0.7581501741505976,8,1,0
0.661478236470623,11,0,1
0.8975930973843518,13,0,1
0.6354161256310371,17,1,1
0.719485710352818,8,1,1
0.5392281906711329,18,0,0
0.5126753717077288,18,1,0
0.9813242073389625,14,1,0
0.9179900602561029,15,1,1
0.847987103046849,6,1,1
0.7044764722071349,11,1,1
0.5866471600354228,13,0,1
0.5782185213355431,1,0,1
0.6251214490822976,6,1,1
0.7746133323530602,9,0,1
0.8572979613500311,8,0,0
0.8300986883588657,11,1,0
0.6399669484729714,19,0,1
0.977432640331597,9,1,1
0.8689484583478843,17,1,1
0.7771770262557003,12,0,0
0.8058603731171761,14,1,0
0.709800031213895,15,1,1
0.6238654947505787,16,1,1
0.6779863393256308,1,1,0
0.8789230552321845,10,1,0
0.5071967443148779,8,0,0
0.5580363202534582,18,0,0
0.5230013210108764,1,1,1
0.520364401159485,2,1,0
0.9277302920055036,1,0,0
0.8518289296900119,1,1,1
0.7370869145436626,9,0,0
0.5489170803255008,13,1,0
0.7458079375584161,1,1,0
0.7367358853902828,13,1,1
0.5866009349550076,7,1,0
0.7169258246189865,2,1,1
0.6992523671986868,6,1,1
0.8079250490261083,7,1,0
0.8175468254338218,14,0,0
0.5226520048860223,18,0,0
0.6873063073132356,15,0,0
0.8129299578571182,2,1,1
0.7515681292900438,10,1,0
0.9282449205941612,12,1,0
0.8293468158094726,17,1,0
0.5814672135407148,8,1,1
0.5352843737002149,11,1,0
0.8212096391031578,3,1,0
0.513255655270811,6,0,1
0.7928877906367316,9,1,1
0.9701151207124787,6,0,0
0.7877370889379395,9,0,0
0.694084963103261,7,1,0
0.8216441092211766,9,1,0
0.7291264452457583,18,0,0
0.7728083946579675,12,0,1
0.9707324043882626,8,1,1
0.6930513189003871,8,1,0
0.9805952819119571,18,0,0
0.9526753209780319,15,1,1
0.5978955673946482,7,1,0
0.5346806504375827,11,1,0
0.5503890006887133,16,0,0
0.5091109128257749,4,0,0
0.5472214803779643,6,0,0
0.8415033867081785,3,1,1
0.5355943242301144,9,1,0
0.6594878151468806,10,0,0
0.9224376554847273,14,0,0
0.511635967867913,11,0,1
0.9072342412944678,18,1,1
0.6409273873867,12,0,1
0.5590824138108281,12,0,1
0.8483685826820753,13,1,0
0.8144714233899419,13,1,1
0.9387360067635264,19,1,0
0.8675355219019429,19,0,0
0.9017404651924243,14,1,1
0.6410172862856532,4,1,1
0.5887197718898614,13,0,1
0.8753073758204292,8,1,1
0.9034173696336321,19,0,1
0.9952525710003366,12,0,0
0.7063088384557132,18,1,1
0.6860090428963916,6,1,1
0.8882064803709984,18,1,1
0.6704017701265089,19,1,0
0.9653786628017824,5,1,1
0.9292063759215059,9,1,0
0.7144970136875092,3,0,1
0.8754355338957487,10,0,1
0.8772714370423411,19,1,0
0.5515619344179663,3,0,1
0.9512764533397833,15,1,0
0.7526261862239285,1,0,0
0.9132287330538709,7,0,0
0.6600248005153059,12,0,1
0.9477616142481002,17,1,1
0.6946008393670815,5,0,1
0.5054188257401492,4,1,0
0.9526909882096318,12,0,1
0.5456433383930668,18,0,0
0.6596568187952074,17,0,1
0.9750309835254025,19,0,0
0.975303573468778,9,0,0
0.7867189440616431,4,1,0
0.8159186060848996,2,1,1
0.7242227609891598,4,0,0
0.6466053858490323,2,0,0
0.664332272684958,15,0,0
0.8362592280385193,2,0,0
0.87618726471884,4,1,0
0.8957895218629243,6,0,0
0.894809071397277,7,1,1
0.5456030515243452,10,0,1
0.7472101523512907,19,1,0
0.5287793800083221,19,0,1
0.7747644411618677,12,0,1
0.7207652506866885,3,1,0
0.9438520913791499,13,0,0
0.6754575062760393,18,0,0
0.558533508213803,8,0,1
0.5714958410264179,15,1,0
0.8807553158587361,1,0,1
0.8091090316581305,3,0,0
0.5505613380613952,8,1,1
0.5420534030574987,4,1,0
0.85048456572956,16,1,0
0.5363815031820968,10,0,1
0.9109300296451781,12,0,1
0.8531211135782482,14,0,1
0.5406743903209499,14,1,1
0.542418857042596,2,0,1
0.9933197892505877,5,0,1
0.6871353978780601,5,1,0
0.6853210735334454,6,1,1
0.9063997836287513,13,1,0
0.9736242886919293,9,1,0
0.9930005319114354,15,1,1
0.8766890926294708,14,0,0
0.6881297927654579,7,1,1
0.5417503583493344,2,0,1
0.8885734579637183,7,0,0
0.7792021248679025,6,1,0
0.7121110046234882,17,1,1
0.953177192547368,2,1,1
0.5555987411530756,3,0,0
0.7463125521454296,5,1,0
0.5056768223837096,5,1,0
0.7343303209970631,1,1,0
0.5281516378409187,8,1,1
0.559408958134036,12,1,1
0.5587631233885524,4,0,1
0.8246051510580318,13,0,1
0.8730224396327116,15,0,0
0.7916843825485798,11,1,0
0.981086274237271,10,1,1
0.6874352897618521,3,1,1
0.6428560431409304,14,0,1
0.9342995640947301,16,1,1
0.6117979192597263,10,1,1
0.9816112697203057,10,1,1
0.5060772373449082,12,0,1
0.9849394133538195,9,1,1
0.5215799559752881,1,0,1
0.9455715568490355,5,1,0
0.76385055454315,8,0,1
0.9964823980596502,11,0,0
0.5368982823676994,12,0,0
0.7769271422006604,1,1,1
0.9846512678095495,11,1,1
0.7615489220850744,5,0,0
0.8146993190676313,15,0,0
0.8478743444923086,5,1,1
0.7272705323838866,12,1,0
0.8137790400420317,5,0,1
0.7921571559615501,17,1,1
0.9505790052454945,17,1,1
0.522723190170729,12,1,0
0.6404815947961151,15,1,0
0.9752057420382794,15,0,1
0.9451318919454581,6,1,0
0.7278283763928565,12,1,0
0.8100662989007683,18,0,0
0.6386905914905663,14,0,0
0.5940605798618807,2,1,0
0.7318492024699911,9,1,0
0.6766761140130264,5,1,0
0.791828055925436,1,1,1
0.5388673184824924,3,0,0
0.9871974038330833,6,0,0
0.9931053722398014,5,0,0
0.8490808570098726,5,1,0
0.7680481831720603,1,1,0
0.6547638081431639,17,1,0
0.9068975098534744,19,1,0
0.8423655862769397,14,0,0
0.5813084696724456,12,0,1
0.9554635922469212,10,1,0
0.9112686214615845,18,0,0
0.974899956645962,11,1,0
0.86285975419418,2,1,0
0.8067075979678949,18,0,1
0.7091215181453094,7,1,1
0.9663642416770066,15,1,1
0.9330319447502042,11,0,1
0.5226093350530947,18,1,1
0.5131834872486261,12,1,1
0.6882316834390247,6,0,1
0.9052766653909164,13,1,1
0.9936380646574723,16,0,1
0.5752084455517641,18,1,1
0.7970653576760676,10,0,1
0.6904454283155108,8,0,1
0.9849571989073016,18,0,1
0.9210594615678543,1,1,1
0.9191643523555689,8,0,1
0.7343465798974851,6,0,1
0.7074097511688326,5,0,0
0.6367035359653531,15,0,1
0.5281877483254636,15,0,0
0.9323611881275267,2,1,1
0.9064505045650388,1,1,1
0.9998588366430653,11,1,0
0.9983184185369527,10,1,1
0.7777158528013137,18,1,0
0.8844937075902553,18,1,0
0.9723828649412141,17,1,0
0.9248236953387057,8,0,1
0.6236740508715988,15,1,1
0.7252720676550468,8,0,1
0.5645797075757475,17,0,0
0.9770255136293612,12,1,0
0.80308731722544,8,0,1
0.6143214027517314,14,0,1
0.8358503422029284,4,0,1
0.8090641202289479,1,0,1
0.6790813590164202,1,1,1
0.5567787960998145,19,1,0
0.8357865977963999,16,1,0
0.7601538504518967,14,1,0
0.8861591958678197,16,1,1
0.7600817505559967,5,1,0
0.9260907501592701,9,1,0
0.7759534193872428,2,1,0
0.7804689857676932,18,1,0
0.9383268013291726,6,1,0
0.7017414331061985,9,0,1
0.5670076142253204,1,1,0
0.5143913381566695,9,0,1
0.8775686278368096,16,0,1
0.8101547756767323,13,0,1
0.8520398840496117,9,0,1
0.6064820807544553,13,1,1
0.5681857377933849,9,0,0
0.507272332833941,11,1,0
0.6752937794032985,4,1,1
0.7949588434273165,2,0,1
0.6961220225498661,6,1,1
0.7187374610118645,14,0,0
0.9520793472468743,4,0,1
0.6741277335116502,6,1,0
0.7569947445799055,19,1,1
0.8918265063705715,6,0,0
0.6982713911606351,2,1,1
0.8110433501139367,18,1,0
0.9311818543733725,13,1,1
0.9747603118288211,9,0,0
0.573536740464519,19,0,0
0.9632938125807472,13,1,0
0.7460581465397691,11,1,0
0.6291221941494791,1,1,0
0.7295678781191306,7,1,0
0.9900162876427385,15,1,0
0.7463090469964349,1,0,1
0.664375805143754,12,1,1
0.8167004271583629,7,0,1
0.6200728093890966,15,1,1
0.5379316640543319,19,0,1
0.5644398609553246,1,1,0
0.5640229194788862,17,0,0
0.5759513467561472,17,1,0
0.5694135863247051,3,0,0
0.8204373724016073,12,0,0
0.5909400421995724,6,0,1
0.6728336416619316,11,0,1
0.9483942049530059,3,0,1
0.7369808201314362,8,0,1
0.8337788692605136,14,1,0
0.5861599356008149,14,0,0
0.5961445094043354,10,1,0
0.5204343081332394,2,1,1
0.5844675315360823,14,1,0
0.6392951695159793,9,1,1
0.5885052421383734,3,1,0
0.5443512668785278,8,0,0
0.5603179355503004,16,0,1
0.7303893840163629,2,0,0
0.6031668592028963,6,1,0
0.6821349305240377,12,0,1
0.7517086354274285,5,0,0
0.8451974143146826,2,0,1
0.5196560699205495,16,0,0
0.8997051994545213,5,0,0
0.8139501947454539,15,1,0
0.540879515974436,12,0,0
0.9367893120533886,4,1,0
0.9604362002659066,15,1,0
0.5305389799274318,11,1,0
0.6384388240736019,16,1,0
0.9031006398965307,6,1,1
0.8741298451918291,14,0,1
0.5922605096781887,18,0,0
0.6046746616683552,12,0,0
0.685236051395691,11,1,1
0.7422614925955107,13,0,0
0.809127385765148,11,0,0
0.6844568197848862,16,1,1
0.731267358066574,15,1,0
0.8737354690668783,15,1,0
0.518341601445299,4,1,1
0.6262184721720103,11,0,0
0.8566747929422762,19,1,0
0.9476034188435997,15,1,1
0.755838721057833,4,0,0
0.7660567426326579,13,0,1
0.553586005669888,19,1,0
0.7237061834117273,2,0,0
0.7663086332275115,14,1,1
0.6212352518173648,4,1,1
0.6346216154746904,16,0,0
0.6886420815523113,14,0,1
0.5100355988888632,15,1,1
0.6610395827915891,3,1,0
0.6057240034982723,8,1,0
0.6637486760889573,16,0,0
0.5598810659096256,10,1,1
0.9452636403699475,4,1,1
0.7967962267770243,18,1,1
0.8395511595722448,2,1,1
0.8945856193036692,17,1,0
0.7492210994645286,13,0,1
0.5434601440437119,4,1,0
0.768553270909274,11,1,1
0.7934205590104395,7,1,0
0.872719737092165,12,1,0
0.7158297731148398,10,0,0
0.5637901513977819,7,0,1
0.6418879528993622,13,0,0
0.6815411481993175,7,1,0
0.8229586206658006,17,1,1
0.7853891523344559,10,0,0
0.6780483629489231,10,0,1
0.9932576243964899,4,0,1
0.8028874096784435,4,1,0
0.6186133958679972,7,1,0
0.5508912363102019,1,0,1
0.576429569592166,12,0,0
0.622978864192254,13,0,1
0.5803406866297778,10,1,1
0.5932835120256529,15,1,1
0.6425475843469235,13,1,0
0.5866867976473774,9,0,1
0.9483827123132126,9,0,0
0.5401168728308211,15,1,0
0.7622556947851273,10,0,0
0.7051984134948308,10,1,0
0.9911893084543032,8,0,1
0.5560194510840262,16,0,0
0.6989277995228709,17,0,1
0.9847352166376844,5,0,1
0.9327535629469901,4,1,0
0.9085360354746399,18,0,1
0.6289514135224699,19,1,1
0.585443793695033,4,1,0
0.8343216099622155,7,1,1
0.964687994563793,10,0,1
0.778381446506965,18,1,1
0.7858063447349499,19,1,1
0.6399895468301421,4,1,0
0.8847464665959685,10,0,1
0.5935218742787617,1,0,1
0.6618396182021218,18,1,1
0.7127182193082084,5,0,1
0.7538051893422275,15,1,0
0.6212048662075401,17,1,1
0.5574184123696018,3,0,0
0.8053100212208163,12,1,1
0.6443152766201279,2,0,0
0.7906191107113061,1,0,0
0.5771813576371012,17,1,0
0.7405700509274087,16,0,0
0.7662947162757929,5,0,0
0.5259117684112135,15,1,1
0.6683021390969603,3,1,1
0.5672073384694871,7,0,1
0.5316874852363839,11,0,0
0.9949801161949726,10,1,1
0.6611769224873615,9,0,0
0.9049372229273174,14,0,0
0.6273203273818819,13,0,1
0.8407513611119646,2,0,1
0.8801139299448433,3,0,0
0.7978193703039221,7,0,0
0.7357880942750792,18,0,1
0.7059204570736343,3,1,1
0.6744341332714976,10,1,1
0.9647645721239129,7,1,1
0.9153097038938646,9,1,0
0.9825134553332563,17,1,1
0.5621486117427723,11,0,1
0.8654337376018222,7,0,1
0.9691702284105189,14,0,0
0.5906165330828301,19,0,0
0.5332481336833887,4,1,0
0.8705603246450295,6,0,0
0.787236556589956,10,0,1
0.920914388379136,7,1,0
0.5698861883131447,13,0,1
0.8976336559299452,14,0,1
0.6008136600238723,4,1,1
0.5818279714328523,8,0,1
0.5821328989654965,5,0,0
0.907287360115691,1,0,0
0.8325986103481,4,0,0
0.7615327123845597,3,0,1
0.6794152420617512,9,1,1
0.9386002704065541,8,1,1
0.6962225537113177,1,1,1
0.9082997197357885,6,1,1
0.7195674542851092,9,1,0
0.6884722147124538,7,1,1
0.7313398928348032,4,0,0
0.650688937082071,13,1,1
0.8738046900881256,17,1,1
0.7513601950462396,2,0,0
0.6161063475734087,5,0,0
0.9497872866372843,12,1,1
0.6919456106866058,8,0,1
0.7717764305569943,6,1,1
0.9532360554822734,8,0,1
0.812118997956996,18,1,0
0.5584490203541821,3,0,1
0.9699160618067375,12,0,0
0.8138540265357089,3,1,1
0.6674528073285431,6,1,0
0.5696360363316937,2,1,0
0.8970125946351479,12,1,1
0.8100363779642568,2,1,0
0.7667305459881608,6,0,1
0.9469462915254788,17,1,0
0.8942986056122654,3,1,1
0.5758374398663756,2,0,0
0.6558610338977742,8,0,1
0.6242445699072329,12,1,1
0.8719731462863385,4,0,0
0.5167662173678897,5,0,0
0.7849448424356582,13,1,0
0.8812293428703453,15,0,0
0.9383828183808747,16,0,1
0.6710408743579537,10,1,0
0.9106286523360064,16,1,1
0.5553158684776036,12,0,0
0.923226145867259,17,0,1
0.5637443311659912,16,1,1
0.6986436452801836,12,0,1
0.8986476828897768,8,0,1
0.5749587136743869,3,0,0
0.6146256976163207,16,1,0
0.8611262841965331,13,0,1
0.8600182682730372,19,0,0
0.8205738164426486,8,1,0
0.84697422223355,5,0,1
0.7713622216737981,8,0,0
0.6258995294534764,12,1,0
0.6728479967519597,1,1,0
0.5907988584007129,6,1,1
0.9542252806668141,18,1,0
0.7916958973830602,8,0,1
0.70042570838182,7,0,0
0.7310029018220663,1,1,0
0.9736416698059076,16,1,0
0.5766757015580402,12,0,1
0.7931149160083986,6,1,1
0.752944339442233,2,0,0
0.805727117717324,14,1,1
0.5090550919104202,4,0,0
0.9360619544720757,1,1,1
0.9660591412418063,18,1,1
0.7825665917946045,13,0,0
0.8483254119384461,2,1,0
0.9612496905886478,9,0,0
0.8536193171566993,2,0,0
0.5762695214571307,9,0,1
0.7881441800834066,1,0,1
0.803357523191428,11,0,1
0.712065335651193,3,1,0
0.8682221178123615,4,1,0
0.9671835073845074,18,0,1
0.9627842564533882,6,1,0
0.725419685702066,3,0,1
0.5566190229203776,11,1,1
0.9924205994811672,15,1,1
0.919449043222967,5,1,1
0.5623313406016335,10,1,1
0.9604209413086862,12,0,0
0.9349481810310641,15,0,0
0.759419028563036,17,1,0
0.7956377178724646,10,1,1
0.6995013519350651,6,0,1
0.5273808194110157,18,1,1
0.6675986208229505,13,0,1
0.9014267242990057,3,0,0
0.5023160115023014,10,0,0
0.6667495858455721,14,1,1
0.6990843467954717,6,0,1
0.7686978014689614,3,1,1
0.9599278082063802,16,0,0
0.6731729971829806,7,1,0
0.6734766009481139,14,1,0
0.8687506240548741,9,1,1
0.7261089704449035,15,0,1
0.612302411469991,3,0,0
0.7262197580663468,2,1,1
0.5704285101898999,2,1,0
0.5881934932531117,3,1,1
0.7491838863697399,18,0,0
0.709462724752274,14,0,1
0.95742295053405,18,0,0
0.6811969495583166,10,0,0
0.7902941751390218,2,1,0
0.8161321439597652,1,1,0
0.5065472282941668,4,0,0
0.8317686860083553,14,0,0
0.5890179834348757,1,1,1
0.9805351587347275,14,0,1
0.5743313638765565,16,0,1
0.7073120618635118,14,0,0
0.5426748340393219,3,0,0
0.9984371259229736,3,0,1
0.7510975051656212,9,0,0
0.797692508660022,6,1,0
0.5335382386942138,13,0,0
0.8749802351995889,2,0,0
0.6049527965477929,8,1,0
0.9490271447203569,2,1,1
0.6025698202410036,4,1,1
0.5953438603318333,15,0,1
0.5182748339240475,4,1,1
0.7360334725549996,13,0,1
0.7824205666313082,12,0,0
0.5328543197141762,13,0,0
0.8877638083475052,14,1,0
0.7266444173740139,18,1,0
0.7621951346637901,6,1,1
0.720381373469114,11,1,1
0.700381530437663,2,1,1
0.7798201656541089,19,0,0
0.5776201229653563,19,0,1
0.5909640652476356,5,0,0
0.9308928105067587,19,0,1
0.9730577310668164,2,1,1
0.6866546581398765,10,1,0
0.6353723365717769,2,0,0
0.8219997716195079,11,1,1
0.7043670855490483,18,1,1
0.5126931778301724,15,0,0
0.5780762986830952,9,0,1
0.8579861144236988,19,1,1
0.8294619709550757,9,1,0
0.5135479962517417,3,0,1
0.6109860809664747,9,0,0
0.6155373982940358,14,0,1
0.8359463717993643,19,1,0
0.509855268877182,7,0,1
0.552054290992287,16,0,0
0.8999580426865947,16,1,1
0.5892723310271668,1,1,0
0.8263730539259373,4,1,1
0.6190913905233633,4,1,1
0.5497206963796726,7,1,1
0.621586095499727,8,0,1
0.8611334659278296,17,0,1
0.9278482340531429,5,1,1
0.9151099322834958,7,1,1
0.6985917648092275,4,1,1
0.8340425682853231,6,1,1
0.6024921477079105,7,1,0
0.6465738651305066,18,0,0
0.9481679092605599,5,0,1
0.506500961755368,3,0,0
0.542754265427234,7,0,1
0.6039431275730136,14,1,1
0.5132661019369098,7,0,0
0.5907177175448987,5,1,1
0.7915207804848461,5,1,1
0.7107122752962489,2,1,0
0.9463358555384874,6,0,0
0.9087217808692205,15,1,1
0.670908675848938,10,0,0
0.6297117167156463,7,0,0
0.6898462040836335,5,1,1
0.7951474712574038,1,1,0
0.6340318204114381,13,1,0
0.812074453924567,18,0,1
0.7047058260956203,13,1,0
0.7760235904259901,18,0,0
0.7180632645676583,5,1,1
0.6472328797709588,13,1,1
0.9742266534810784,4,0,1
0.8818028970798804,17,0,0
0.5700565878832262,3,0,1
0.9342339879489564,17,0,1
0.7437155991247568,11,0,0
0.9472761134470458,4,0,1
0.8999276279736577,2,1,1
0.7126067522346167,16,1,1
0.5112346541600588,18,0,1
0.634338679692473,8,1,0
0.7708171073304335,3,0,1
0.8167391099130736,9,1,1
0.6289438427166012,6,1,0
0.5696780370364121,10,0,1
0.9174651183996496,10,0,0
0.9922010903517761,13,0,0
0.7628450911513429,17,1,0
0.5858396429241517,9,0,1
0.6361536632596845,17,1,0
0.5091953382737333,9,0,0
0.9571494032802494,9,1,0
0.5588755414450706,1,1,1
0.7882582377571268,2,0,1
0.637027610343603,16,1,1
0.7770890012578967,1,1,1
0.8257101941759322,10,0,1
0.9148709018536008,18,1,1
0.6032106358803015,8,0,1
0.5054979143292402,11,0,0
0.5684428150344036,2,0,0
0.9500093209240525,8,0,0
0.9369450387812577,8,1,0
0.7987065510851541,17,1,1
0.8002584302168267,15,1,0
0.8325183372731277,17,0,0
0.5876856393117248,13,1,0
0.9572059729624799,19,1,0
0.7093852624460366,5,0,1
0.6915692641247487,12,0,1
0.7594588526414188,1,1,1
0.5234829833875275,5,0,0
0.5831416843780397,8,0,1
0.8690168082131853,13,0,0
0.5413993339625632,8,0,1
0.801576054733194,11,1,1
0.6226745548406605,1,0,1
0.6946478070209883,13,0,1
0.6443468683853499,19,0,1
0.6778363582324746,3,0,0
0.8595229525921227,17,0,1
0.6485608578115876,5,0,0
0.7832023201484486,8,0,0
0.7380252010995498,14,0,0
0.8318355826813241,4,1,0
0.968414869662379,11,0,0
0.8662860486051251,15,1,1
0.6074701892953784,19,0,1
0.5155915675306424,7,0,1
0.6311320221499126,19,0,1
0.7975389653501275,19,0,0
0.5257129067421251,11,1,1
0.7481831236006182,5,0,1
0.7984214244584447,5,0,0
0.6671219454084805,8,1,0
0.885456101872911,10,1,1
0.5532991265668858,6,0,1
0.5375688908679044,15,1,0
0.8640943781018017,16,1,1
0.7477456581030992,17,1,1
0.844201198213868,8,0,1
0.7174136693018731,8,0,1
0.6232010166195534,9,0,0
0.9095511588370999,2,1,0
0.8997079394844896,15,0,0
0.8473482354272134,18,1,1
0.6360725686149813,3,0,1
0.7951153334345435,17,0,1
0.6804869484700133,4,1,1
0.5457910366633171,4,0,1
0.9586567877311214,14,1,0
0.5684093154594807,9,1,1
0.9751186769104012,9,0,1
0.7230028864789779,18,1,0
