similarity,experience_years,skills_match,hired
0.5290418060840998,5,1,0
0.522613644455269,3,1,0
0.6404672548436904,3,1,1
0.5034760652655954,3,1,1
0.5257393756249946,5,1,0
0.5724474360456115,6,1,0
0.5871832145024958,6,1,0
0.6209261454502258,5,1,0
0.61213465473028,3,1,0
0.6186245437484,6,1,1
0.5121579832157269,4,1,1
0.6472244460347929,2,1,1
0.6467959221322467,6,1,1
0.6251214490822976,6,1,1
0.5230013210108764,1,1,1
0.520364401159485,2,1,0
0.6410172862856532,4,1,1
0.5054188257401492,4,1,0
0.5420534030574987,4,1,0
0.5056768223837096,5,1,0
0.5940605798618807,2,1,0
0.5670076142253204,1,1,0
0.6291221941494791,1,1,0
0.5644398609553246,1,1,0
0.5204343081332394,2,1,1
0.5885052421383734,3,1,0
0.6031668592028963,6,1,0
0.518341601445299,4,1,1
0.6212352518173648,4,1,1
0.5434601440437119,4,1,0
0.585443793695033,4,1,0
0.6399895468301421,4,1,0
0.5332481336833887,4,1,0
0.6008136600238723,4,1,1
0.5696360363316937,2,1,0
0.5907988584007129,6,1,1
0.5704285101898999,2,1,0
0.5881934932531117,3,1,1
0.5890179834348757,1,1,1
0.6025698202410036,4,1,1
0.5182748339240475,4,1,1
0.5892723310271668,1,1,0
0.6190913905233633,4,1,1
0.5907177175448987,5,1,1
0.6289438427166012,6,1,0
0.5588755414450706,1,1,1
